MY_ACCOUNT_ID=0.0.4567508
MY_PRIVATE_KEY=302e020100300506032b657004220420b6bd97aad7fbcf481fff22575941d5a7bacf91a192b553e6290d70fb0f7b5d30

ACC_1_ID=0.0.4568366
ACC_1_PK=302e020100300506032b65700422042067e909562ebe37ac7aa14b9db3f2ea90cd0dbe0c9cd2d58a1a5e0b79e02e6672

ACC_2_ID=0.0.4568368
ACC_2_PK=302e020100300506032b657004220420e1cd5acfcca800af64c5ef6f9ebac215248104ea8e11590f3082b2e5f33e8d2e

ACC_3_ID=0.0.4568371
ACC_3_PK=302e020100300506032b6570042204208f8633a178e263cc43147ecec1da7996eb7fe06d80a46f1397fd385a03da6e14

ACC_4_ID=0.0.4568373
ACC_4_PK=302e020100300506032b6570042204206c15af3abf987a5da68c6211536b9c5302135aab1b3b8c53c441285d9e2edce4

ACC_5_ID=0.0.4568375
ACC_5_PK=302e020100300506032b6570042204207b9027e46719781afcdf01d531822815c64a9bf49a86b0042880fc65f1e613df